"(No Title)"
	"2026-04-"	"7 13:13:25"

" Result ID"	"Result Type"	"I Marker ID"	"J Marker ID"	"Result Title"
"Hinge1_ang_acc"	"  Variable"	"     (N/A)"	"     (N/A)"	"(No Comment)"

".Rigid_Pend.Last_Run.Hinge1_ang_acc.TIME"	".Rigid_Pend.Last_Run.Hinge1_ang_acc.Q"
0.000000e+00	-2.681355e+02
1.000000e-02	-1.108492e+01
2.000000e-02	-8.804278e+00
3.000000e-02	-7.794727e+00
4.000000e-02	-2.374580e+01
5.000000e-02	-2.957340e+01
6.000000e-02	-9.304369e+00
7.000000e-02	-8.434194e+00
8.000000e-02	-2.639289e+01
9.000000e-02	-1.284670e+01
1.000000e-01	-1.633395e+01
1.100000e-01	-1.546266e+01
1.200000e-01	-1.432220e+01
1.300000e-01	-1.386187e+01
1.400000e-01	-1.308343e+01
1.500000e-01	-1.213335e+01
1.600000e-01	-1.105157e+01
1.700000e-01	-9.828447e+00
1.800000e-01	-8.465050e+00
1.900000e-01	-6.978562e+00
2.000000e-01	-5.387200e+00
2.100000e-01	-3.710860e+00
2.200000e-01	-1.971461e+00
2.300000e-01	-1.907277e-01
2.400000e-01	1.611363e+00
2.500000e-01	3.417523e+00
2.600000e-01	5.213839e+00
2.700000e-01	6.990061e+00
2.800000e-01	8.739531e+00
2.900000e-01	1.045884e+01
3.000000e-01	1.214734e+01
3.100000e-01	1.380652e+01
3.200000e-01	1.543949e+01
3.300000e-01	1.705039e+01
3.400000e-01	1.864399e+01
3.500000e-01	2.022529e+01
3.600000e-01	2.179931e+01
3.700000e-01	2.337088e+01
3.800000e-01	2.494456e+01
3.900000e-01	2.652463e+01
4.000000e-01	2.811504e+01
4.100000e-01	2.971943e+01
4.200000e-01	3.134107e+01
4.300000e-01	3.298270e+01
4.400000e-01	3.464624e+01
4.500000e-01	3.633205e+01
4.600000e-01	3.803782e+01
4.700000e-01	3.975656e+01
4.800000e-01	4.147343e+01
4.900000e-01	4.316075e+01
5.000000e-01	4.477038e+01
5.100000e-01	4.622249e+01
5.200000e-01	4.738993e+01
5.300000e-01	4.807780e+01
5.400000e-01	4.800070e+01
5.500000e-01	4.676530e+01
5.600000e-01	4.387573e+01
5.700000e-01	3.879198e+01
5.800000e-01	3.107397e+01
5.900000e-01	2.061353e+01
6.000000e-01	7.870715e+00
6.100000e-01	-6.061937e+00
6.200000e-01	-1.971177e+01
6.300000e-01	-3.171307e+01
6.400000e-01	-4.122917e+01
6.500000e-01	-4.807038e+01
6.600000e-01	-5.253002e+01
6.700000e-01	-5.512323e+01
6.800000e-01	-5.638054e+01
6.900000e-01	-5.674333e+01
7.000000e-01	-5.653766e+01
7.100000e-01	-5.598720e+01
7.200000e-01	-5.523737e+01
7.300000e-01	-5.437821e+01
7.400000e-01	-5.346210e+01
7.500000e-01	-5.251622e+01
7.600000e-01	-5.155068e+01
7.700000e-01	-5.056324e+01
7.800000e-01	-4.954151e+01
7.900000e-01	-4.846314e+01
8.000000e-01	-4.729448e+01
8.100000e-01	-4.598795e+01
8.200000e-01	-4.447853e+01
8.300000e-01	-4.268004e+01
8.400000e-01	-4.048254e+01
8.500000e-01	-3.775286e+01
8.600000e-01	-3.434166e+01
8.700000e-01	-3.010132e+01
8.800000e-01	-2.491796e+01
8.900000e-01	-1.875719e+01
9.000000e-01	-1.171380e+01
9.100000e-01	-4.044743e+00
9.200000e-01	3.840017e+00
9.300000e-01	1.144257e+01
9.400000e-01	1.828241e+01
9.500000e-01	2.400007e+01
9.600000e-01	2.841622e+01
9.700000e-01	3.153007e+01
9.800000e-01	3.347270e+01
9.900000e-01	3.444519e+01
1.000000e+00	3.466564e+01
1.010000e+00	3.433520e+01
1.020000e+00	3.362235e+01
1.030000e+00	3.265958e+01
1.040000e+00	3.154662e+01
1.050000e+00	3.035623e+01
1.060000e+00	2.914032e+01
1.070000e+00	2.793523e+01
1.080000e+00	2.676604e+01
1.090000e+00	2.564984e+01
1.100000e+00	2.459816e+01
1.110000e+00	2.361867e+01
1.120000e+00	2.271646e+01
1.130000e+00	2.189487e+01
1.140000e+00	2.115605e+01
1.150000e+00	2.050137e+01
1.160000e+00	1.993160e+01
1.170000e+00	1.944706e+01
1.180000e+00	1.904758e+01
1.190000e+00	1.873246e+01
1.200000e+00	1.850028e+01
1.210000e+00	1.834862e+01
1.220000e+00	1.827373e+01
1.230000e+00	1.827001e+01
1.240000e+00	1.832938e+01
1.250000e+00	1.844055e+01
1.260000e+00	1.858810e+01
1.270000e+00	1.875154e+01
1.280000e+00	1.890440e+01
1.290000e+00	1.901355e+01
1.300000e+00	1.903900e+01
1.310000e+00	1.893474e+01
1.320000e+00	1.865088e+01
1.330000e+00	1.813767e+01
1.340000e+00	1.735139e+01
1.350000e+00	1.626164e+01
1.360000e+00	1.485882e+01
1.370000e+00	1.315974e+01
1.380000e+00	1.120934e+01
1.390000e+00	9.076950e+00
1.400000e+00	6.847411e+00
1.410000e+00	4.609112e+00
1.420000e+00	2.441987e+00
1.430000e+00	4.084891e-01
1.440000e+00	-1.450869e+00
1.450000e+00	-3.117455e+00
1.460000e+00	-4.591184e+00
1.470000e+00	-5.885611e+00
1.480000e+00	-7.022872e+00
1.490000e+00	-8.029378e+00
1.500000e+00	-8.932616e+00
1.510000e+00	-9.759044e+00
1.520000e+00	-1.053289e+01
1.530000e+00	-1.127558e+01
1.540000e+00	-1.200562e+01
1.550000e+00	-1.273871e+01
1.560000e+00	-1.348794e+01
1.570000e+00	-1.426409e+01
1.580000e+00	-1.507587e+01
1.590000e+00	-1.593018e+01
1.600000e+00	-1.683225e+01
1.610000e+00	-1.778584e+01
1.620000e+00	-1.879334e+01
1.630000e+00	-1.985581e+01
1.640000e+00	-2.097312e+01
1.650000e+00	-2.214399e+01
1.660000e+00	-2.336608e+01
1.670000e+00	-2.463607e+01
1.680000e+00	-2.594988e+01
1.690000e+00	-2.730278e+01
1.700000e+00	-2.868974e+01
1.710000e+00	-3.010575e+01
1.720000e+00	-3.154621e+01
1.730000e+00	-3.300752e+01
1.740000e+00	-3.448760e+01
1.750000e+00	-3.598668e+01
1.760000e+00	-3.750800e+01
1.770000e+00	-3.905876e+01
1.780000e+00	-4.065106e+01
1.790000e+00	-4.230296e+01
1.800000e+00	-4.403968e+01
1.810000e+00	-4.589490e+01
1.820000e+00	-4.791226e+01
1.830000e+00	-5.014694e+01
1.840000e+00	-5.266735e+01
1.850000e+00	-5.555660e+01
1.860000e+00	-5.891308e+01
1.870000e+00	-6.284841e+01
1.880000e+00	-6.747895e+01
1.890000e+00	-7.290237e+01
1.900000e+00	-7.914108e+01
1.910000e+00	-8.601522e+01
1.920000e+00	-9.287525e+01
1.930000e+00	-9.809267e+01
1.940000e+00	-9.828009e+01
1.950000e+00	-8.774925e+01
1.960000e+00	-6.018059e+01
1.970000e+00	-1.504266e+01
1.980000e+00	3.584322e+01
1.990000e+00	7.518627e+01
2.000000e+00	9.556458e+01
2.010000e+00	1.007879e+02
2.020000e+00	9.761884e+01
2.030000e+00	9.122025e+01
2.040000e+00	8.430368e+01
2.050000e+00	7.788546e+01
2.060000e+00	7.224857e+01
2.070000e+00	6.742173e+01
2.080000e+00	6.333377e+01
2.090000e+00	5.987583e+01
2.100000e+00	5.693456e+01
2.110000e+00	5.440611e+01
2.120000e+00	5.220033e+01
2.130000e+00	5.024149e+01
2.140000e+00	4.846768e+01
2.150000e+00	4.682939e+01
2.160000e+00	4.528819e+01
2.170000e+00	4.381527e+01
2.180000e+00	4.239017e+01
2.190000e+00	4.099959e+01
2.200000e+00	3.963622e+01
2.210000e+00	3.829771e+01
2.220000e+00	3.698566e+01
2.230000e+00	3.570470e+01
2.240000e+00	3.446166e+01
2.250000e+00	3.326477e+01
2.260000e+00	3.212301e+01
2.270000e+00	3.104550e+01
2.280000e+00	3.004095e+01
2.290000e+00	2.911716e+01
2.300000e+00	2.828055e+01
2.310000e+00	2.753563e+01
2.320000e+00	2.688429e+01
2.330000e+00	2.632497e+01
2.340000e+00	2.585141e+01
2.350000e+00	2.545090e+01
2.360000e+00	2.510180e+01
2.370000e+00	2.477012e+01
2.380000e+00	2.440495e+01
2.390000e+00	2.393278e+01
2.400000e+00	2.325107e+01
2.410000e+00	2.222281e+01
2.420000e+00	2.067516e+01
2.430000e+00	1.840829e+01
2.440000e+00	1.522282e+01
2.450000e+00	1.097314e+01
2.460000e+00	5.644630e+00
2.470000e+00	-5.688307e-01
2.480000e+00	-7.234698e+00
2.490000e+00	-1.374560e+01
2.500000e+00	-1.947581e+01
2.510000e+00	-2.395941e+01
2.520000e+00	-2.699641e+01
2.530000e+00	-2.864586e+01
2.540000e+00	-2.913831e+01
2.550000e+00	-2.877075e+01
2.560000e+00	-2.782862e+01
2.570000e+00	-2.654667e+01
2.580000e+00	-2.509961e+01
2.590000e+00	-2.360852e+01
2.600000e+00	-2.215258e+01
2.610000e+00	-2.078061e+01
2.620000e+00	-1.952061e+01
2.630000e+00	-1.838681e+01
2.640000e+00	-1.738465e+01
2.650000e+00	-1.651421e+01
2.660000e+00	-1.577241e+01
2.670000e+00	-1.515456e+01
2.680000e+00	-1.465520e+01
2.690000e+00	-1.426871e+01
2.700000e+00	-1.398967e+01
2.710000e+00	-1.381299e+01
2.720000e+00	-1.373405e+01
2.730000e+00	-1.374872e+01
2.740000e+00	-1.385335e+01
2.750000e+00	-1.404475e+01
2.760000e+00	-1.432017e+01
2.770000e+00	-1.467726e+01
2.780000e+00	-1.511404e+01
2.790000e+00	-1.562887e+01
2.800000e+00	-1.622045e+01
2.810000e+00	-1.688779e+01
2.820000e+00	-1.763025e+01
2.830000e+00	-1.844756e+01
2.840000e+00	-1.933987e+01
2.850000e+00	-2.030785e+01
2.860000e+00	-2.135280e+01
2.870000e+00	-2.247677e+01
2.880000e+00	-2.368281e+01
2.890000e+00	-2.497519e+01
2.900000e+00	-2.635970e+01
2.910000e+00	-2.784405e+01
2.920000e+00	-2.943829e+01
2.930000e+00	-3.115538e+01
2.940000e+00	-3.301170e+01
2.950000e+00	-3.502780e+01
2.960000e+00	-3.722893e+01
2.970000e+00	-3.964559e+01
2.980000e+00	-4.231362e+01
2.990000e+00	-4.527339e+01
3.000000e+00	-4.856710e+01
3.010000e+00	-5.223232e+01
3.020000e+00	-5.628812e+01
3.030000e+00	-6.070731e+01
3.040000e+00	-6.536336e+01
3.050000e+00	-6.993372e+01
3.060000e+00	-7.373789e+01
3.070000e+00	-7.550570e+01
3.080000e+00	-7.316266e+01
3.090000e+00	-6.395868e+01
3.100000e+00	-4.556464e+01
3.110000e+00	-1.836972e+01
3.120000e+00	1.281114e+01
3.130000e+00	4.072778e+01
3.140000e+00	6.038938e+01
3.150000e+00	7.120874e+01
3.160000e+00	7.538025e+01
3.170000e+00	7.560731e+01
3.180000e+00	7.393115e+01
3.190000e+00	7.155125e+01
3.200000e+00	6.907597e+01
3.210000e+00	6.678670e+01
3.220000e+00	6.479562e+01
3.230000e+00	6.312805e+01
3.240000e+00	6.176725e+01
3.250000e+00	6.067913e+01
3.260000e+00	5.982553e+01
3.270000e+00	5.917142e+01
3.280000e+00	5.868876e+01
3.290000e+00	5.835860e+01
3.300000e+00	5.817224e+01
3.310000e+00	5.813172e+01
3.320000e+00	5.825013e+01
3.330000e+00	5.855156e+01
3.340000e+00	5.907087e+01
3.350000e+00	5.985309e+01
3.360000e+00	6.095210e+01
3.370000e+00	6.242768e+01
3.380000e+00	6.433940e+01
3.390000e+00	6.673388e+01
3.400000e+00	6.961923e+01
3.410000e+00	7.291490e+01
3.420000e+00	7.635770e+01
3.430000e+00	7.933728e+01
3.440000e+00	8.064526e+01
3.450000e+00	7.820532e+01
3.460000e+00	6.910866e+01
3.470000e+00	5.067487e+01
3.480000e+00	2.300182e+01
3.490000e+00	-8.826540e+00
3.500000e+00	-3.675965e+01
3.510000e+00	-5.529964e+01
3.520000e+00	-6.404965e+01
3.530000e+00	-6.568520e+01
3.540000e+00	-6.329257e+01
3.550000e+00	-5.910060e+01
3.560000e+00	-5.435365e+01
3.570000e+00	-4.964565e+01
3.580000e+00	-4.523376e+01
3.590000e+00	-4.121074e+01
3.600000e+00	-3.758863e+01
3.610000e+00	-3.434225e+01
3.620000e+00	-3.143201e+01
3.630000e+00	-2.881512e+01
3.640000e+00	-2.645081e+01
3.650000e+00	-2.430251e+01
3.660000e+00	-2.233851e+01
3.670000e+00	-2.053184e+01
3.680000e+00	-1.885989e+01
3.690000e+00	-1.730388e+01
3.700000e+00	-1.584830e+01
3.710000e+00	-1.448043e+01
3.720000e+00	-1.318988e+01
3.730000e+00	-1.196823e+01
3.740000e+00	-1.080866e+01
3.750000e+00	-9.705712e+00
3.760000e+00	-8.655007e+00
3.770000e+00	-7.653073e+00
3.780000e+00	-6.697159e+00
3.790000e+00	-5.785101e+00
3.800000e+00	-4.915195e+00
3.810000e+00	-4.086103e+00
3.820000e+00	-3.296774e+00
3.830000e+00	-2.546373e+00
3.840000e+00	-1.834236e+00
3.850000e+00	-1.159820e+00
3.860000e+00	-5.226785e-01
3.870000e+00	7.756979e-02
3.880000e+00	6.412587e-01
3.890000e+00	1.168690e+00
3.900000e+00	1.660146e+00
3.910000e+00	2.115891e+00
3.920000e+00	2.536181e+00
3.930000e+00	2.921259e+00
3.940000e+00	3.271357e+00
3.950000e+00	3.586686e+00
3.960000e+00	3.867443e+00
3.970000e+00	4.113804e+00
3.980000e+00	4.325937e+00
3.990000e+00	4.504019e+00
4.000000e+00	4.648261e+00
4.010000e+00	4.758953e+00
4.020000e+00	4.836520e+00
4.030000e+00	4.881594e+00
4.040000e+00	4.895111e+00
4.050000e+00	4.878426e+00
4.060000e+00	4.833454e+00
4.070000e+00	4.762846e+00
4.080000e+00	4.670187e+00
4.090000e+00	4.560220e+00
4.100000e+00	4.439077e+00
4.110000e+00	4.314494e+00
4.120000e+00	4.195968e+00
4.130000e+00	4.094832e+00
4.140000e+00	4.024177e+00
4.150000e+00	3.998616e+00
4.160000e+00	4.033831e+00
4.170000e+00	4.145904e+00
4.180000e+00	4.350428e+00
4.190000e+00	4.661437e+00
4.200000e+00	5.090214e+00
4.210000e+00	5.644095e+00
4.220000e+00	6.325392e+00
4.230000e+00	7.130615e+00
4.240000e+00	8.050103e+00
4.250000e+00	9.068200e+00
4.260000e+00	1.016401e+01
4.270000e+00	1.131277e+01
4.280000e+00	1.248768e+01
4.290000e+00	1.366221e+01
4.300000e+00	1.481246e+01
4.310000e+00	1.591952e+01
4.320000e+00	1.697138e+01
4.330000e+00	1.796422e+01
4.340000e+00	1.890295e+01
4.350000e+00	1.980097e+01
4.360000e+00	2.067941e+01
4.370000e+00	2.156591e+01
4.380000e+00	2.249352e+01
4.390000e+00	2.349971e+01
4.400000e+00	2.462601e+01
4.410000e+00	2.591821e+01
4.420000e+00	2.742738e+01
4.430000e+00	2.921183e+01
4.440000e+00	3.134000e+01
4.450000e+00	3.389469e+01
4.460000e+00	3.697880e+01
4.470000e+00	4.072325e+01
4.480000e+00	4.529762e+01
4.490000e+00	5.092429e+01
4.500000e+00	5.789630e+01
4.510000e+00	6.659688e+01
4.520000e+00	7.751103e+01
4.530000e+00	9.119573e+01
4.540000e+00	1.081049e+02
4.550000e+00	1.279643e+02
4.560000e+00	1.478966e+02
4.570000e+00	1.578065e+02
4.580000e+00	1.339408e+02
4.590000e+00	4.917993e+01
4.600000e+00	-5.694302e+01
4.610000e+00	-1.414682e+02
4.620000e+00	-1.642749e+02
4.630000e+00	-1.504560e+02
4.640000e+00	-1.432768e+02
4.650000e+00	-9.031856e+01
4.660000e+00	-9.152210e+01
4.670000e+00	-7.179356e+01
4.680000e+00	-6.323879e+01
4.690000e+00	-5.468677e+01
4.700000e+00	-4.733964e+01
4.710000e+00	-4.145517e+01
4.720000e+00	-3.654267e+01
4.730000e+00	-3.234978e+01
4.740000e+00	-2.875882e+01
4.750000e+00	-2.565510e+01
4.760000e+00	-2.294360e+01
4.770000e+00	-2.055586e+01
4.780000e+00	-1.844012e+01
4.790000e+00	-1.655679e+01
4.800000e+00	-1.487687e+01
4.810000e+00	-1.338011e+01
4.820000e+00	-1.205346e+01
4.830000e+00	-1.088966e+01
4.840000e+00	-9.885910e+00
4.850000e+00	-9.042233e+00
4.860000e+00	-8.359407e+00
4.870000e+00	-7.836475e+00
4.880000e+00	-7.467892e+00
4.890000e+00	-7.240652e+00
4.900000e+00	-7.131986e+00
4.910000e+00	-7.108385e+00
4.920000e+00	-7.126648e+00
4.930000e+00	-7.137311e+00
4.940000e+00	-7.090057e+00
4.950000e+00	-6.939971e+00
4.960000e+00	-6.653009e+00
4.970000e+00	-6.209270e+00
4.980000e+00	-5.603430e+00
4.990000e+00	-4.842701e+00
5.000000e+00	-3.943297e+00
5.010000e+00	-2.926525e+00
5.020000e+00	-1.815315e+00
5.030000e+00	-6.315924e-01
5.040000e+00	6.054366e-01
5.050000e+00	1.880211e+00
5.060000e+00	3.181168e+00
5.070000e+00	4.500724e+00
5.080000e+00	5.835052e+00
5.090000e+00	7.183793e+00
5.100000e+00	8.549786e+00
5.110000e+00	9.938869e+00
5.120000e+00	1.135978e+01
5.130000e+00	1.282421e+01
5.140000e+00	1.434694e+01
5.150000e+00	1.594625e+01
5.160000e+00	1.764436e+01
5.170000e+00	1.946832e+01
5.180000e+00	2.145101e+01
5.190000e+00	2.363265e+01
5.200000e+00	2.606274e+01
5.210000e+00	2.880274e+01
5.220000e+00	3.192954e+01
5.230000e+00	3.553995e+01
5.240000e+00	3.975657e+01
5.250000e+00	4.473459e+01
5.260000e+00	5.066893e+01
5.270000e+00	5.779819e+01
5.280000e+00	6.639615e+01
5.290000e+00	7.672517e+01
5.300000e+00	8.888598e+01
5.310000e+00	1.024037e+02
5.320000e+00	1.152067e+02
5.330000e+00	1.215180e+02
5.340000e+00	1.092619e+02
5.350000e+00	6.323099e+01
5.360000e+00	-1.451224e+01
5.370000e+00	-7.619591e+01
5.380000e+00	-1.211098e+02
5.390000e+00	-1.303059e+02
5.400000e+00	-1.217103e+02
5.410000e+00	-1.183476e+02
5.420000e+00	-8.448767e+01
5.430000e+00	-8.514509e+01
5.440000e+00	-7.234972e+01
5.450000e+00	-6.683536e+01
5.460000e+00	-6.145996e+01
5.470000e+00	-5.703371e+01
5.480000e+00	-5.370927e+01
5.490000e+00	-5.115793e+01
5.500000e+00	-4.920023e+01
5.510000e+00	-4.773433e+01
5.520000e+00	-4.665842e+01
5.530000e+00	-4.588249e+01
5.540000e+00	-4.533237e+01
5.550000e+00	-4.494430e+01
5.560000e+00	-4.466270e+01
5.570000e+00	-4.443977e+01
5.580000e+00	-4.423495e+01
5.590000e+00	-4.401456e+01
5.600000e+00	-4.375171e+01
5.610000e+00	-4.342624e+01
5.620000e+00	-4.302457e+01
5.630000e+00	-4.253961e+01
5.640000e+00	-4.197046e+01
5.650000e+00	-4.132211e+01
5.660000e+00	-4.060492e+01
5.670000e+00	-3.983413e+01
5.680000e+00	-3.902919e+01
5.690000e+00	-3.821305e+01
5.700000e+00	-3.741151e+01
5.710000e+00	-3.665247e+01
5.720000e+00	-3.596544e+01
5.730000e+00	-3.538107e+01
5.740000e+00	-3.493099e+01
5.750000e+00	-3.464778e+01
5.760000e+00	-3.456526e+01
5.770000e+00	-3.471896e+01
5.780000e+00	-3.514678e+01
5.790000e+00	-3.588966e+01
5.800000e+00	-3.699205e+01
5.810000e+00	-3.850161e+01
5.820000e+00	-4.046721e+01
5.830000e+00	-4.293317e+01
5.840000e+00	-4.592604e+01
5.850000e+00	-4.942640e+01
5.860000e+00	-5.331260e+01
5.870000e+00	-5.725376e+01
5.880000e+00	-6.052274e+01
5.890000e+00	-6.171743e+01
5.900000e+00	-5.849581e+01
5.910000e+00	-4.776756e+01
5.920000e+00	-2.721888e+01
5.930000e+00	1.635200e+00
5.940000e+00	3.185995e+01
5.950000e+00	5.505919e+01
5.960000e+00	6.741754e+01
5.970000e+00	7.045083e+01
5.980000e+00	6.773455e+01
5.990000e+00	6.239238e+01
6.000000e+00	5.632238e+01
6.010000e+00	5.042024e+01
6.020000e+00	4.503532e+01
6.030000e+00	4.027116e+01
6.040000e+00	3.612340e+01
6.050000e+00	3.254218e+01
6.060000e+00	2.946313e+01
6.070000e+00	2.682183e+01
6.080000e+00	2.455973e+01
6.090000e+00	2.262605e+01
6.100000e+00	2.097788e+01
6.110000e+00	1.957951e+01
6.120000e+00	1.840146e+01
6.130000e+00	1.741952e+01
6.140000e+00	1.661389e+01
6.150000e+00	1.596834e+01
6.160000e+00	1.546961e+01
6.170000e+00	1.510677e+01
6.180000e+00	1.487080e+01
6.190000e+00	1.475415e+01
6.200000e+00	1.475039e+01
6.210000e+00	1.485391e+01
6.220000e+00	1.505964e+01
6.230000e+00	1.536281e+01
6.240000e+00	1.575876e+01
6.250000e+00	1.624273e+01
6.260000e+00	1.680975e+01
6.270000e+00	1.745445e+01
6.280000e+00	1.817105e+01
6.290000e+00	1.895325e+01
6.300000e+00	1.979421e+01
6.310000e+00	2.068658e+01
6.320000e+00	2.162253e+01
6.330000e+00	2.259381e+01
6.340000e+00	2.359186e+01
6.350000e+00	2.460790e+01
6.360000e+00	2.563312e+01
6.370000e+00	2.665880e+01
6.380000e+00	2.767655e+01
6.390000e+00	2.867852e+01
6.400000e+00	2.965766e+01
6.410000e+00	3.060806e+01
6.420000e+00	3.152536e+01
6.430000e+00	3.240716e+01
6.440000e+00	3.325357e+01
6.450000e+00	3.406773e+01
6.460000e+00	3.485647e+01
6.470000e+00	3.563093e+01
6.480000e+00	3.640715e+01
6.490000e+00	3.720680e+01
6.500000e+00	3.805774e+01
6.510000e+00	3.899488e+01
6.520000e+00	4.006099e+01
6.530000e+00	4.130801e+01
6.540000e+00	4.279868e+01
6.550000e+00	4.460903e+01
6.560000e+00	4.683182e+01
6.570000e+00	4.958139e+01
6.580000e+00	5.300012e+01
6.590000e+00	5.726683e+01
6.600000e+00	6.260636e+01
6.610000e+00	6.929761e+01
6.620000e+00	7.767119e+01
6.630000e+00	8.807075e+01
6.640000e+00	1.007081e+02
6.650000e+00	1.152303e+02
6.660000e+00	1.295788e+02
6.670000e+00	1.374510e+02
6.680000e+00	1.247478e+02
6.690000e+00	7.259154e+01
6.700000e+00	-1.692207e+01
6.710000e+00	-8.566926e+01
6.720000e+00	-1.311176e+02
6.730000e+00	-1.385392e+02
6.740000e+00	-1.263938e+02
6.750000e+00	-1.212525e+02
6.760000e+00	-8.358689e+01
6.770000e+00	-8.378452e+01
6.780000e+00	-6.937004e+01
6.790000e+00	-6.270465e+01
6.800000e+00	-5.614549e+01
6.810000e+00	-5.048696e+01
6.820000e+00	-4.592269e+01
6.830000e+00	-4.211013e+01
6.840000e+00	-3.886244e+01
6.850000e+00	-3.608670e+01
6.860000e+00	-3.369229e+01
6.870000e+00	-3.160214e+01
6.880000e+00	-2.975796e+01
6.890000e+00	-2.811353e+01
6.900000e+00	-2.663138e+01
6.910000e+00	-2.528153e+01
6.920000e+00	-2.404014e+01
6.930000e+00	-2.288824e+01
6.940000e+00	-2.181091e+01
6.950000e+00	-2.079655e+01
6.960000e+00	-1.983629e+01
6.970000e+00	-1.892351e+01
6.980000e+00	-1.805343e+01
6.990000e+00	-1.722274e+01
7.000000e+00	-1.642930e+01
7.010000e+00	-1.567189e+01
7.020000e+00	-1.495001e+01
7.030000e+00	-1.426365e+01
7.040000e+00	-1.361319e+01
7.050000e+00	-1.299920e+01
7.060000e+00	-1.242237e+01
7.070000e+00	-1.188343e+01
7.080000e+00	-1.138303e+01
7.090000e+00	-1.092179e+01
7.100000e+00	-1.050020e+01
7.110000e+00	-1.011870e+01
7.120000e+00	-9.777637e+00
7.130000e+00	-9.477270e+00
7.140000e+00	-9.217796e+00
7.150000e+00	-8.999332e+00
7.160000e+00	-8.821921e+00
7.170000e+00	-8.685533e+00
7.180000e+00	-8.590078e+00
7.190000e+00	-8.535425e+00
7.200000e+00	-8.521419e+00
7.210000e+00	-8.547903e+00
7.220000e+00	-8.614726e+00
7.230000e+00	-8.721742e+00
7.240000e+00	-8.868804e+00
7.250000e+00	-9.055748e+00
7.260000e+00	-9.282383e+00
7.270000e+00	-9.548475e+00
7.280000e+00	-9.853744e+00
7.290000e+00	-1.019786e+01
7.300000e+00	-1.058042e+01
7.310000e+00	-1.100096e+01
7.320000e+00	-1.145894e+01
7.330000e+00	-1.195368e+01
7.340000e+00	-1.248442e+01
7.350000e+00	-1.305024e+01
7.360000e+00	-1.365010e+01
7.370000e+00	-1.428286e+01
7.380000e+00	-1.494728e+01
7.390000e+00	-1.564216e+01
7.400000e+00	-1.636634e+01
7.410000e+00	-1.711888e+01
7.420000e+00	-1.789918e+01
7.430000e+00	-1.870717e+01
7.440000e+00	-1.954350e+01
7.450000e+00	-2.040987e+01
7.460000e+00	-2.130923e+01
7.470000e+00	-2.224623e+01
7.480000e+00	-2.322754e+01
7.490000e+00	-2.426233e+01
7.500000e+00	-2.536277e+01
7.510000e+00	-2.654465e+01
7.520000e+00	-2.782809e+01
7.530000e+00	-2.923841e+01
7.540000e+00	-3.080733e+01
7.550000e+00	-3.257441e+01
7.560000e+00	-3.458905e+01
7.570000e+00	-3.691314e+01
7.580000e+00	-3.962464e+01
7.590000e+00	-4.282236e+01
7.600000e+00	-4.663244e+01
7.610000e+00	-5.121653e+01
7.620000e+00	-5.678184e+01
7.630000e+00	-6.359137e+01
7.640000e+00	-7.196851e+01
7.650000e+00	-8.227872e+01
7.660000e+00	-9.483930e+01
7.670000e+00	-1.096263e+02
7.680000e+00	-1.254550e+02
7.690000e+00	-1.379862e+02
7.700000e+00	-1.361207e+02
7.710000e+00	-1.007045e+02
7.720000e+00	-2.118930e+01
7.730000e+00	5.761579e+01
7.740000e+00	1.206529e+02
7.750000e+00	1.393191e+02
7.760000e+00	1.315633e+02
7.770000e+00	1.284435e+02
7.780000e+00	8.889267e+01
7.790000e+00	8.961199e+01
7.800000e+00	7.458202e+01
7.810000e+00	6.784701e+01
7.820000e+00	6.126601e+01
7.830000e+00	5.568237e+01
7.840000e+00	5.129806e+01
7.850000e+00	4.774193e+01
7.860000e+00	4.480825e+01
7.870000e+00	4.239040e+01
7.880000e+00	4.038405e+01
7.890000e+00	3.869912e+01
7.900000e+00	3.726544e+01
7.910000e+00	3.602570e+01
7.920000e+00	3.493210e+01
7.930000e+00	3.394531e+01
7.940000e+00	3.303319e+01
7.950000e+00	3.216973e+01
7.960000e+00	3.133432e+01
7.970000e+00	3.051110e+01
7.980000e+00	2.968837e+01
7.990000e+00	2.885807e+01
8.000000e+00	2.801528e+01
8.010000e+00	2.715765e+01
8.020000e+00	2.628500e+01
8.030000e+00	2.539886e+01
8.040000e+00	2.450212e+01
8.050000e+00	2.359864e+01
8.060000e+00	2.269302e+01
8.070000e+00	2.179036e+01
8.080000e+00	2.089602e+01
8.090000e+00	2.001555e+01
8.100000e+00	1.915449e+01
8.110000e+00	1.831832e+01
8.120000e+00	1.751238e+01
8.130000e+00	1.674179e+01
8.140000e+00	1.601143e+01
8.150000e+00	1.532588e+01
8.160000e+00	1.468941e+01
8.170000e+00	1.410597e+01
8.180000e+00	1.357917e+01
8.190000e+00	1.311229e+01
8.200000e+00	1.270833e+01
8.210000e+00	1.237002e+01
8.220000e+00	1.209986e+01
8.230000e+00	1.190021e+01
8.240000e+00	1.177339e+01
8.250000e+00	1.172168e+01
8.260000e+00	1.174751e+01
8.270000e+00	1.185352e+01
8.280000e+00	1.204271e+01
8.290000e+00	1.231855e+01
8.300000e+00	1.268518e+01
8.310000e+00	1.314754e+01
8.320000e+00	1.371167e+01
8.330000e+00	1.438488e+01
8.340000e+00	1.517612e+01
8.350000e+00	1.609633e+01
8.360000e+00	1.715890e+01
8.370000e+00	1.838024e+01
8.380000e+00	1.978043e+01
8.390000e+00	2.138405e+01
8.400000e+00	2.322114e+01
8.410000e+00	2.532830e+01
8.420000e+00	2.774986e+01
8.430000e+00	3.053891e+01
8.440000e+00	3.375778e+01
8.450000e+00	3.747689e+01
8.460000e+00	4.176981e+01
8.470000e+00	4.670031e+01
8.480000e+00	5.229220e+01
8.490000e+00	5.846523e+01
8.500000e+00	6.490652e+01
8.510000e+00	7.083410e+01
8.520000e+00	7.462520e+01
8.530000e+00	7.343209e+01
8.540000e+00	6.337355e+01
8.550000e+00	4.149471e+01
8.560000e+00	9.657899e+00
8.570000e+00	-2.383045e+01
8.580000e+00	-4.959737e+01
8.590000e+00	-6.395831e+01
8.600000e+00	-6.885435e+01
8.610000e+00	-6.804656e+01
8.620000e+00	-6.464717e+01
8.630000e+00	-6.047956e+01
8.640000e+00	-5.639335e+01
8.650000e+00	-5.273424e+01
8.660000e+00	-4.962131e+01
8.670000e+00	-4.706825e+01
8.680000e+00	-4.504028e+01
8.690000e+00	-4.348362e+01
8.700000e+00	-4.233962e+01
8.710000e+00	-4.155079e+01
8.720000e+00	-4.106317e+01
8.730000e+00	-4.082693e+01
8.740000e+00	-4.079625e+01
8.750000e+00	-4.092904e+01
8.760000e+00	-4.118665e+01
8.770000e+00	-4.153372e+01
8.780000e+00	-4.193835e+01
8.790000e+00	-4.237227e+01
8.800000e+00	-4.281128e+01
8.810000e+00	-4.323569e+01
8.820000e+00	-4.363088e+01
8.830000e+00	-4.398775e+01
8.840000e+00	-4.430319e+01
8.850000e+00	-4.458042e+01
8.860000e+00	-4.482925e+01
8.870000e+00	-4.506629e+01
8.880000e+00	-4.531507e+01
8.890000e+00	-4.560617e+01
8.900000e+00	-4.597747e+01
8.910000e+00	-4.647451e+01
8.920000e+00	-4.715124e+01
8.930000e+00	-4.807110e+01
8.940000e+00	-4.930876e+01
8.950000e+00	-5.095252e+01
8.960000e+00	-5.310744e+01
8.970000e+00	-5.589901e+01
8.980000e+00	-5.947647e+01
8.990000e+00	-6.401331e+01
9.000000e+00	-6.969881e+01
9.010000e+00	-7.670517e+01
9.020000e+00	-8.509468e+01
9.030000e+00	-9.458658e+01
9.040000e+00	-1.040246e+02
9.050000e+00	-1.103207e+02
9.060000e+00	-1.069774e+02
9.070000e+00	-8.419582e+01
9.080000e+00	-3.607525e+01
9.090000e+00	2.556229e+01
9.100000e+00	7.464931e+01
9.110000e+00	9.794895e+01
9.120000e+00	1.011888e+02
9.130000e+00	9.420678e+01
9.140000e+00	8.400953e+01
9.150000e+00	7.395981e+01
9.160000e+00	6.501890e+01
9.170000e+00	5.729622e+01
9.180000e+00	5.071004e+01
9.190000e+00	4.511843e+01
9.200000e+00	4.036209e+01
9.210000e+00	3.629460e+01
9.220000e+00	3.279160e+01
9.230000e+00	2.974999e+01
9.240000e+00	2.708543e+01
9.250000e+00	2.472947e+01
9.260000e+00	2.262658e+01
9.270000e+00	2.073164e+01
9.280000e+00	1.900787e+01
9.290000e+00	1.742522e+01
9.300000e+00	1.595904e+01
9.310000e+00	1.458902e+01
9.320000e+00	1.329846e+01
9.330000e+00	1.207356e+01
9.340000e+00	1.090298e+01
9.350000e+00	9.777403e+00
9.360000e+00	8.689258e+00
9.370000e+00	7.632461e+00
9.380000e+00	6.602239e+00
9.390000e+00	5.594992e+00
9.400000e+00	4.608199e+00
9.410000e+00	3.640365e+00
9.420000e+00	2.690990e+00
9.430000e+00	1.760570e+00
9.440000e+00	8.506123e-01
9.450000e+00	-3.633137e-02
9.460000e+00	-8.966312e-01
9.470000e+00	-1.725554e+00
9.480000e+00	-2.517273e+00
9.490000e+00	-3.264960e+00
9.500000e+00	-3.960990e+00
9.510000e+00	-4.597339e+00
9.520000e+00	-5.166208e+00
9.530000e+00	-5.660880e+00
9.540000e+00	-6.076796e+00
9.550000e+00	-6.412712e+00
9.560000e+00	-6.671808e+00
9.570000e+00	-6.862495e+00
9.580000e+00	-6.998701e+00
9.590000e+00	-7.099445e+00
9.600000e+00	-7.187628e+00
9.610000e+00	-7.288174e+00
9.620000e+00	-7.425840e+00
9.630000e+00	-7.623111e+00
9.640000e+00	-7.898615e+00
9.650000e+00	-8.266287e+00
9.660000e+00	-8.735351e+00
9.670000e+00	-9.310985e+00
9.680000e+00	-9.995435e+00
9.690000e+00	-1.078933e+01
9.700000e+00	-1.169304e+01
9.710000e+00	-1.270787e+01
9.720000e+00	-1.383718e+01
9.730000e+00	-1.508737e+01
9.740000e+00	-1.646867e+01
9.750000e+00	-1.799614e+01
9.760000e+00	-1.969060e+01
9.770000e+00	-2.157992e+01
9.780000e+00	-2.370061e+01
9.790000e+00	-2.610001e+01
9.800000e+00	-2.883931e+01
9.810000e+00	-3.199759e+01
9.820000e+00	-3.567754e+01
9.830000e+00	-4.001320e+01
9.840000e+00	-4.518052e+01
9.850000e+00	-5.141119e+01
9.860000e+00	-5.900950e+01
9.870000e+00	-6.836851e+01
9.880000e+00	-7.997182e+01
9.890000e+00	-9.433634e+01
9.900000e+00	-1.117633e+02
9.910000e+00	-1.315275e+02
9.920000e+00	-1.496162e+02
9.930000e+00	-1.537956e+02
9.940000e+00	-1.192919e+02
9.950000e+00	-2.734218e+01
9.960000e+00	6.482646e+01
9.970000e+00	1.372392e+02
9.980000e+00	1.535108e+02
9.990000e+00	1.399361e+02
1.000000e+01	1.337644e+02


